52.634171
53.750828
55.823257
55.823257
55.615067
48.404133
50.486027
51.101139
51.536442
51.044353
51.053822
51.407234
60.280762
59.726761
59.631248
59.26828
59.115456
57.931046
58.351318
58.867107
58.255802
59.306488
58.666523
57.749561
57.634941
57.902386
57.061844
55.390293
55.399841
55.218365
54.673916
57.596737
58.083874
58.265354
57.759113
58.666523
57.864185
55.982498
54.788536
57.682697
56.307259
55.886978
56.536495
55.285225
56.154427
54.960468
56.116219
54.798088
53.231606
48.360245
47.175831
44.55867
45.380116
46.268421
44.950287
46.297073
41.196472
43.020844
37.442654
36.525692
34.558037
38.665268
41.253777
39.992958
38.512444
38.397823
39.333889
39.620441
40.23175
44.069332
44.233658
45.045635
44.223991
39.187775
39.700092
41.362724
38.965446
38.907448
40.918068
37.322151
37.099819
37.9408
36.423172
35.591854
34.712212
34.499542
27.723368
28.429018
26.457064
27.317377
28.197025
28.197025
27.984362
27.06605
26.060738
27.288376
27.974695
28.61268
29.385996
29.869318
29.250666
27.994026
25.442087
26.147738
27.17238
28.168024
28.50635
28.284023
30.062647
29.018673
29.530993
30.410639
28.690012
30.284977
31.531946
32.073269
31.957273
33.919559
32.817585
30.284977
28.893007
27.298044
27.868364
28.361353
29.385996
28.748011
27.153048
27.153048
27.472042
27.423708
28.970339
27.810347
29.107965
29.520845
30.189314
30.385923
28.292038
28.193733
28.193733
28.252716
28.832712
27.830006
27.426958
26.473404
25.854086
25.106974
25.264259
26.040865
24.910362
24.723583
25.598495
27.082891
27.141876
26.886284
26.571711
26.493067
26.561878
25.962221
26.581541
26.522556
27.574415
28.429665
28.006954
27.820175
28.459156
28.439495
29.717453
29.678133
29.619148
29.973045
29.442202
28.33136
26.6012
26.493067
26.640522
26.394762
28.33136
26.571711
28.872036
30.700499
30.916769
31.526257
29.294743
30.887278
30.454737
30.405584
31.683542
31.948965
31.38863
30.779142
31.850662
31.536089
31.260834
30.985582
28.99
28.43
27.469999
27.1
26.43
27.23
27.209999
27.379999
26.620001
25.969999
25.549999
24.9
25.23
24.059999
24.98
25.1
24.16
25.08
25.25
24.549999
26.07
26.27
27.24
26.32
26.940001
28.129999
28.4
28.83
30.049999
30.15
30.23
30.76
32.669998
31.719999
31.77
31.99
31.49
31.42
32.369999
33.200001
34.07
34.759998
34.389999
34.549999
33.139999
32.580002
31.98
32.959999
33.560001
33.450001
32.450001
32.43
29.209999
29.68
29.5
29.219999
28.790001
